2 0.718918 0.459432 0.179592 0.112805
2 0.224267 0.284400 0.155263 0.122410
2 0.084225 0.279528 0.149690 0.122381
2 0.096231 0.453648 0.179471 0.097489
2 0.917720 0.110151 0.136829 0.116826
2 0.221639 0.124643 0.143821 0.101378
2 0.788241 0.298773 0.116201 0.113024
2 0.368819 0.288815 0.147068 0.107746
2 0.779724 0.101259 0.143435 0.122778
2 0.664587 0.296459 0.135036 0.112015
2 0.922994 0.285517 0.136608 0.151911
2 0.502599 0.118776 0.134815 0.099516
2 0.234338 0.452109 0.202433 0.115734
0 0.898983 0.652670 0.193984 0.121829
2 0.519705 0.291408 0.158259 0.115664
