1 0.343089 0.903136 0.142095 0.167382
1 0.337178 0.734221 0.125595 0.176965
1 0.518671 0.725150 0.123184 0.172349
1 0.353852 0.446349 0.122829 0.179263
1 0.654128 0.486070 0.123502 0.187242
1 0.249701 0.679653 0.112890 0.172627
1 0.780559 0.574280 0.139380 0.195701
1 0.164728 0.238978 0.086006 0.123322
1 0.480790 0.893206 0.123352 0.197165
1 0.054933 0.596285 0.109866 0.171012
1 0.237479 0.505070 0.128562 0.190597
1 0.142075 0.743515 0.119862 0.172999
1 0.042002 0.438081 0.084005 0.174190
1 0.624280 0.634873 0.116348 0.153779
1 0.062883 0.220152 0.092407 0.102413
9 0.025610 0.266916 0.051220 0.115047
1 0.598839 0.919686 0.125772 0.156098
1 0.507010 0.575850 0.106617 0.127863
