1 0.077283 0.743385 0.154475 0.482826
1 0.832246 0.731117 0.280221 0.493054
1 0.280447 0.751656 0.267079 0.481203
1 0.561802 0.754306 0.273663 0.478173
1 0.585724 0.429609 0.222280 0.339195
1 0.360092 0.442828 0.226968 0.370445
1 0.496672 0.501829 0.987065 0.995693
1 0.812544 0.406147 0.238168 0.339844
1 0.959634 0.413938 0.079681 0.377426
1 0.667405 0.260546 0.167934 0.235413
1 0.497674 0.245427 0.161304 0.193007
1 0.136400 0.433652 0.229388 0.382545
1 0.983082 0.749640 0.033374 0.411891
1 0.856269 0.237282 0.167167 0.213595
