2 0.198101 0.849182 0.336681 0.284415
2 0.854979 0.636334 0.289398 0.199118
2 0.459767 0.573386 0.179003 0.217412
2 0.308691 0.610744 0.164744 0.191885
2 0.858486 0.471184 0.219114 0.134180
2 0.105963 0.613623 0.211926 0.201656
2 0.540496 0.428416 0.117561 0.140083
2 0.317187 0.440149 0.126893 0.104253
6 0.475872 0.763921 0.037796 0.152847
2 0.828591 0.366583 0.176901 0.092756
2 0.538673 0.319358 0.072499 0.085153
2 0.240646 0.477318 0.124251 0.098236
2 0.040980 0.759321 0.081751 0.228238
2 0.192010 0.551866 0.178914 0.155973
6 0.642176 0.555188 0.038143 0.144769
2 0.365168 0.391204 0.127817 0.090861
2 0.570796 0.277771 0.062347 0.068437
6 0.440593 0.751102 0.037920 0.139847
2 0.609677 0.328614 0.075662 0.090778
2 0.411251 0.350110 0.129303 0.085765
2 0.676410 0.204314 0.043862 0.053086
2 0.614661 0.242442 0.057260 0.057479
2 0.814427 0.200624 0.098870 0.052388
2 0.464037 0.299187 0.088467 0.070571
2 0.411692 0.632617 0.080426 0.088047
6 0.640519 0.613355 0.030428 0.115323
