2 0.305542 0.837318 0.162598 0.238847
2 0.923111 0.815958 0.153051 0.223667
2 0.732684 0.828031 0.171531 0.245028
2 0.520332 0.828100 0.153485 0.211656
2 0.098107 0.842325 0.161404 0.211145
2 0.437852 0.370247 0.080156 0.101878
2 0.850776 0.458476 0.102086 0.103703
2 0.824445 0.629873 0.135534 0.165094
2 0.105496 0.369735 0.089442 0.115219
2 0.546339 0.378027 0.087111 0.108773
2 0.122228 0.716736 0.146518 0.159537
2 0.873880 0.722053 0.158343 0.205005
2 0.032554 0.580144 0.064784 0.147216
2 0.653902 0.624669 0.115366 0.130645
2 0.021630 0.652520 0.043259 0.186583
2 0.146620 0.657010 0.130429 0.183146
2 0.165057 0.556864 0.095551 0.111649
2 0.697734 0.710407 0.140680 0.163926
2 0.507277 0.724273 0.146627 0.182806
2 0.217161 0.372786 0.088793 0.103195
2 0.314968 0.712481 0.137682 0.109030
2 0.656836 0.372285 0.088367 0.120973
2 0.892098 0.511584 0.101324 0.106137
2 0.495143 0.624371 0.121138 0.117380
2 0.904355 0.519027 0.095007 0.091526
