2 0.719860 0.459938 0.177545 0.112604
2 0.788345 0.299267 0.116966 0.112404
2 0.369248 0.289342 0.146509 0.107781
2 0.094145 0.454455 0.175562 0.101127
2 0.221853 0.127234 0.142195 0.099045
2 0.503466 0.118634 0.133587 0.098947
2 0.664163 0.297329 0.131874 0.112362
2 0.519918 0.291366 0.155881 0.117228
2 0.537469 0.460850 0.144587 0.102891
2 0.236090 0.452003 0.204858 0.114473
2 0.224485 0.283731 0.153935 0.122715
2 0.899362 0.656733 0.193606 0.106241
2 0.154886 0.854657 0.220769 0.174409
2 0.643775 0.099377 0.141151 0.123984
2 0.779498 0.101555 0.142865 0.122353
7 0.501184 0.660334 0.172984 0.144677
2 0.924062 0.285405 0.139577 0.155724
2 0.917433 0.111013 0.135840 0.118564
2 0.628391 0.844924 0.222122 0.178050
7 0.326430 0.649050 0.168251 0.152635
2 0.386156 0.849756 0.217585 0.171376
2 0.867595 0.841209 0.226424 0.186323
