2 0.577815 0.336396 0.815082 0.203585
2 0.718699 0.740290 0.556248 0.225394
2 0.291625 0.312859 0.388380 0.113637
2 0.361856 0.721095 0.536401 0.183597
2 0.510636 0.734696 0.694419 0.208601
2 0.215564 0.314437 0.240925 0.105671
2 0.026969 0.291160 0.053938 0.036191
2 0.067165 0.657971 0.134330 0.046430
2 0.028018 0.853986 0.056036 0.147363
2 0.146234 0.720933 0.292468 0.177205
2 0.125285 0.315480 0.164952 0.079659
2 0.216602 0.720903 0.433204 0.179712
2 0.127103 0.317477 0.123263 0.074283
2 0.581448 0.693047 0.537602 0.129464
