2 0.658512 0.825273 0.247132 0.102978
2 0.925886 0.763628 0.148228 0.083372
2 0.554168 0.764800 0.222406 0.084735
2 0.684506 0.654811 0.195159 0.066969
2 0.815792 0.704719 0.191119 0.075586
2 0.181873 0.542476 0.153483 0.051792
2 0.530608 0.414426 0.097086 0.038601
2 0.961345 0.564018 0.077311 0.062257
2 0.925952 0.538832 0.148095 0.060658
2 0.515141 0.412585 0.114343 0.039929
2 0.582591 0.431442 0.129676 0.036415
2 0.558391 0.596068 0.171887 0.062073
2 0.829936 0.514135 0.135130 0.046748
2 0.717678 0.479948 0.101701 0.035739
2 0.489115 0.576896 0.141942 0.053667
2 0.315823 0.618827 0.171829 0.060558
