2 0.776381 0.857242 0.099549 0.270771
2 0.194835 0.875431 0.090614 0.246116
2 0.935393 0.843221 0.120836 0.272660
2 0.114155 0.874978 0.095128 0.243895
2 0.098115 0.666399 0.096442 0.228959
2 0.697412 0.860852 0.085583 0.267521
2 0.281248 0.872365 0.085300 0.248445
2 0.855716 0.851202 0.107656 0.262541
2 0.361750 0.871273 0.074559 0.254723
2 0.089434 0.488623 0.084330 0.145283
2 0.082405 0.361571 0.077658 0.127684
2 0.532844 0.863358 0.069270 0.266266
2 0.616486 0.864185 0.080376 0.268128
2 0.929351 0.614919 0.101028 0.194483
2 0.506006 0.332836 0.040377 0.099357
2 0.859116 0.622490 0.094552 0.212313
2 0.033622 0.515950 0.067156 0.151407
2 0.171573 0.656347 0.081937 0.199380
2 0.790829 0.619120 0.083669 0.202479
2 0.194947 0.181529 0.045705 0.096080
2 0.803859 0.450744 0.079660 0.138473
2 0.178549 0.114643 0.032257 0.078191
2 0.192299 0.353969 0.066243 0.122805
2 0.278334 0.178195 0.040165 0.097291
2 0.237992 0.179565 0.039541 0.095808
2 0.038340 0.674237 0.076666 0.225808
2 0.688605 0.459658 0.066552 0.148599
2 0.876928 0.146837 0.059373 0.106978
2 0.764512 0.331317 0.063792 0.115713
2 0.240775 0.653448 0.073936 0.200549
