2 0.437480 0.637169 0.253006 0.342339
2 0.227287 0.536526 0.276035 0.274961
2 0.103823 0.305954 0.136497 0.099324
2 0.169566 0.402668 0.199408 0.176762
2 0.456294 0.360641 0.132882 0.127018
2 0.353315 0.310768 0.124011 0.113103
2 0.775978 0.547463 0.183858 0.260878
2 0.586199 0.427148 0.131578 0.173855
2 0.656661 0.331521 0.089555 0.104261
2 0.552334 0.285953 0.088358 0.085874
2 0.456762 0.260061 0.086098 0.086644
2 0.233575 0.298917 0.072356 0.075228
2 0.609056 0.242523 0.054933 0.059955
2 0.694635 0.272568 0.066164 0.083881
