8 0.796080 0.475100 0.401325 0.211985
8 0.792294 0.126286 0.412444 0.251098
8 0.408455 0.530015 0.417681 0.210605
8 0.370491 0.206687 0.524015 0.283288
8 0.430446 0.690419 0.363662 0.156321
8 0.337271 0.040390 0.489788 0.080779
8 0.112202 0.614847 0.224403 0.163254
8 0.153639 0.879801 0.289353 0.119025
8 0.135149 0.754855 0.270299 0.136199
8 0.452576 0.821063 0.315578 0.123417
8 0.077468 0.320331 0.154936 0.212934
8 0.735532 0.975101 0.244214 0.048812
8 0.756844 0.815289 0.335465 0.129178
8 0.748391 0.912275 0.294997 0.094750
8 0.465599 0.924938 0.272654 0.099643
8 0.057018 0.982017 0.114036 0.035052
